<!2 filez
TICKEg>,<PEf>,<DATE>4<TIME>,<OPEN>,<HIGH>,<LOW>,<CgLOSE>,dfve<VOL>
SPFB.RTS,1,20201201,100100,127880.0000000,128900.0000000,127880.0000000,128630.0000000,7120
SPFB.RTS,1,20201201,100200,128610.0000000,128850.0000000,1285000,,,,,,,,,,,,,,,,,,,,,,,,,,,,,,90.0000000,128720.0000000,5241
PFB.RTS,1,20201201,100300,128720.0000000,128740.0000000,128530.0000000,128650.0000000,3807
SPFB.RTS,1,20201201,100400,128650.0000000,128690.0000000,128540.0000000,128560.0000000,1420
SPFB.RTS,1,20201201,100500,128560.0000000,128710.0000000,128540.0000000,128580.0000000,1993
SPFB.RTS,1,20201201,100600,128570.0000000,128670.0000000,128570.0000000,128620.0000000,1265
SPFB.RTS,1,20201201,100700,128610.0000000,128750.0000000,128610.0000000,128720.0000000,1500
SPFB.RTS,1,20201201,100800,128720.0000000,128720.0000000,128420.0000000,128430.0000000,3464
SPFB.RTS,1,20201201,100900,128430.0000000,128630.0000000,128380.0000000,128630.0000000,2215
SPFB.RTS,1,20201201,101000,128640.0000000,128640.0000000,128500.0000000,128560.0000000,981
SPFB.RTS,1,20201201,101100,128570.0000000,128580.0000000,128290.0000000,128440.0000000,3260
SPFB.RTS,1,20201201,101200,128450.0000000,128470.0000000,128310.0000000,128370.0000000,1267
SPFB.RTS,1,20201201,101300,128380.0000000,128550.0000000,128340.0000000,128530.0000000,1551
SPFB.RTS,1,20201201,101400,128530.0000000,128540.0000000,128220.0000000,128330.0000000,2581
SPFB.RTS,1,20201201,101500,128320.0000000,128370.0000000,128260.0000000,128280.0000000,948
SPFB.RTS,1,20201201,101600,128280.0000000,128360.0000000,128270.0000000,128320.0000000,843
SPFB.RTS,1,20201201,101700,128320.0000000,128450.0000000,128310.0000000,128430.0000000,713
SPFB.RTS,1,20201201,101800,128430.0000000,128430.0000000,128320.0000000,128410.0000000,599
SPFB.RTS,1,20201201,101900,128410.0000000,128500.0000000,128390.0000000,128480.0000000,1073
SPFB.RTS,1,20201201,102000,128460.0000000,128500.0000000,128450.0000000,128480.0000000,520
SPFB.RTS,1,20201201,102100,128470.0000000,128520.0000000,128450.0000000,128470.0000000,827
SPFB.RTS,1,20201201,102200,128480.0000000,128510.0000000,128360.0000000,128460.0000000,1161
SPFB.RTS,1,20201201,102300,128460.0000000,128590.0000000,128460.0000000,128570.0000000,2474
SPFB.RTS,1,20201201,102400,128580.0000000,128640.0000000,128530.0000000,128610.0000000,1186
SPFB.RTS,1,20201201,102500,128620.0000000,128630.0000000,128520.0000000,128530.0000000,718
SPFB.RTS,1,20201201,102600,128550.0000000,128570.0000000,128470.0000000,128490.0000000,551
SPFB.RTS,1,20201201,102700,128480.0000000,128540.0000000,128420.0000000,128520.0000000,814
SPFB.RTS,1,20201201,102800,128530.0000000,128540.0000000,128480.0000000,128510.0000000,265
SPFB.RTS,1,20201201,102900,128500.0000000,128610.0000000,128500.0000000,128580.0000000,929
SPFB.RTS,1,20201201,103000,128580.0000000,128650.0000000,128580.0000000,128650.0000000,632
SPFB.RTS,1,20201201,103100,128650.0000000,128680.0000000,128570.0000000,128590.0000000,978
SPFB.RTS,1,20201201,103200,128590.0000000,128630.0000000,128530.0000000,128540.0000000,640
SPFB.RTS,1,20201201,103300,128540.0000000,128570.0000000,128480.0000000,128500.0000000,785
SPFB.RTS,1,20201201,103400,128520.0000000,128520.0000000,128430.0000000,128450.0000000,901
SPFB.RTS,1,20201201,103500,128450.0000000,128490.0000000,128450.0000000,128460.0000000,324
SPFB.RTS,1,20201201,103600,128460.0000000,128510.0000000,128370.0000000,128390.0000000,1503
SPFB.RTS,1,20201201,103700,128380.0000000,128430.0000000,128330.0000000,128430.0000000,690
SPFB.RTS,1,20201201,103800,128430.0000000,128470.0000000,128390.0000000,128430.0000000,438
SPFB.RTS,1,20201201,103900,128430.0000000,128440.0000000,128380.0000000,128420.0000000,236
SPFB.RTS,1,20201201,104000,128410.0000000,128460.0000000,128380.0000000,128400.0000000,584
SPFB.RTS,1,20201201,104100,128380.0000000,128470.0000000,128380.0000000,128450.0000000,460
SPFB.RTS,1,20201201,104200,128450.0000000,128550.0000000,128440.0000000,128510.0000000,738
SPFB.RTS,1,20201201,104300,128510.0000000,128530.0000000,128470.0000000,128520.0000000,462
SPFB.RTS,1,20201201,104400,128510.0000000,128510.0000000,128450.0000000,128480.0000000,248
SPFB.RTS,1,20201201,104500,128480.0000000,128530.0000000,128460.0000000,128480.0000000,215
SPFB.RTS,1,20201201,104600,128480.0000000,128520.0000000,128400.0000000,128520.0000000,753
SPFB.RTS,1,20201201,104700,128520.0000000,128550.0000000,128470.0000000,128480.0000000,471
SPFB.RTS,1,20201201,104800,128470.0000000,128650.0000000,128460.0000000,128640.0000000,1042
SPFB.RTS,1,20201201,104900,128640.0000000,128670.0000000,128600.0000000,128610.0000000,724
SPFB.RTS,1,20201201,105000,128620.0000000,128720.0000000,128600.0000000,128680.0000000,1359
SPFB.RTS,1,20201201,105100,128670.0000000,128710.0000000,128630.0000000,128640.0000000,748
SPFB.RTS,1,20201201,105200,128640.0000000,128780.0000000,128640.0000000,128750.0000000,1670
SPFB.RTS,1,20201201,105300,128760.0000000,128780.0000000,128710.0000000,128710.0000000,441
SPFB.RTS,1,20201201,105400,128710.0000000,128750.0000000,128650.0000000,128700.0000000,823
SPFB.RTS,1,20201201,105500,128700.0000000,128720.0000000,128630.0000000,128660.0000000,566
SPFB.RTS,1,20201201,105600,128660.0000000,128720.0000000,128630.0000000,128640.0000000,835
SPFB.RTS,1,20201201,105700,128640.0000000,128720.0000000,128600.0000000,128630.0000000,600
SPFB.RTS,1,20201201,105800,128630.0000000,128660.0000000,128620.0000000,128640.0000000,342
SPFB.RTS,1,20201201,105900,128640.0000000,128700.0000000,128630.0000000,128660.0000000,339
SPFB.RTS,1,20201201,110000,128650.0000000,128720.0000000,128620.0000000,128720.0000000,631
SPFB.RTS,1,20201201,110100,128700.0000000,128820.0000000,128610.0000000,128720.0000000,3690
SPFB.RTS,1,20201201,110200,128720.0000000,128730.0000000,128540.0000000,128560.0000000,2446
SPFB.RTS,1,20201201,110300,128560.0000000,128730.0000000,128530.0000000,128700.0000000,2158
SPFB.RTS,1,20201201,110400,128720.0000000,128820.0000000,128710.0000000,128810.0000000,1771
SPFB.RTS,1,20201201,110500,128820.0000000,128870.0000000,128730.0000000,128850.0000000,2491
SPFB.RTS,1,20201201,110600,128840.0000000,128870.0000000,128730.0000000,128830.0000000,1848
SPFB.RTS,1,20201201,110700,128840.0000000,128880.0000000,128790.0000000,128790.0000000,1120
SPFB.RTS,1,20201201,110800,128800.0000000,128820.0000000,128680.0000000,128730.0000000,1443
SPFB.RTS,1,20201201,110900,128730.0000000,128760.0000000,128700.0000000,128730.0000000,580
SPFB.RTS,1,20201201,111000,128740.0000000,128860.0000000,128700.0000000,128710.0000000,1552
SPFB.RTS,1,20201201,111100,128720.0000000,128830.0000000,128720.0000000,128810.0000000,1306
SPFB.RTS,1,20201201,111200,128830.0000000,128840.0000000,128720.0000000,128810.0000000,1038
SPFB.RTS,1,20201201,111300,128810.0000000,128820.0000000,128740.0000000,128770.0000000,406
SPFB.RTS,1,20201201,111400,128770.0000000,128780.0000000,128660.0000000,128690.0000000,1615
SPFB.RTS,1,20201201,111500,128670.0000000,128680.0000000,128490.0000000,128530.0000000,2763
SPFB.RTS,1,20201201,111600,128520.0000000,128640.0000000,128490.0000000,128520.0000000,1944
SPFB.RTS,1,20201201,111700,128530.0000000,128650.0000000,128520.0000000,128630.0000000,1042
SPFB.RTS,1,20201201,111800,128620.0000000,128810.0000000,128620.0000000,128780.0000000,1592
SPFB.RTS,1,20201201,111900,128780.0000000,128880.0000000,128770.0000000,128830.0000000,1862
SPFB.RTS,1,20201201,112000,128840.0000000,128940.0000000,128840.0000000,128920.0000000,3174
SPFB.RTS,1,20201201,112100,128920.0000000,128970.0000000,128850.0000000,128860.0000000,2062
SPFB.RTS,1,20201201,112200,128870.0000000,128950.0000000,128850.0000000,128900.0000000,1162
SPFB.RTS,1,20201201,112300,128900.0000000,128930.0000000,128830.0000000,128930.0000000,1039
SPFB.RTS,1,20201201,112400,128940.0000000,128990.0000000,128860.0000000,128890.0000000,2099
SPFB.RTS,1,20201201,112500,128900.0000000,129190.0000000,128890.0000000,129160.0000000,6717
SPFB.RTS,1,20201201,112600,129160.0000000,129250.0000000,129040.0000000,129110.0000000,3263
SPFB.RTS,1,20201201,112700,129110.0000000,129170.0000000,129040.0000000,129130.0000000,1675
SPFB.RTS,1,20201201,112800,129140.0000000,129190.0000000,129100.0000000,129140.0000000,1021
SPFB.RTS,1,20201201,112900,129150.0000000,129200.0000000,129100.0000000,129170.0000000,1898
SPFB.RTS,1,20201201,113000,129180.0000000,129240.0000000,129150.0000000,129210.0000000,1461
SPFB.RTS,1,20201201,113100,129210.0000000,129370.0000000,129170.0000000,129350.0000000,3281
SPFB.RTS,1,20201201,113200,129340.0000000,129400.0000000,129320.0000000,129350.0000000,2359
SPFB.RTS,1,20201201,113300,129350.0000000,129420.0000000,129280.0000000,129360.0000000,2699
SPFB.RTS,1,20201201,113400,129360.0000000,129430.0000000,129350.0000000,129420.0000000,921
SPFB.RTS,1,20201201,113500,129420.0000000,129430.0000000,129330.0000000,129360.0000000,1599
SPFB.RTS,1,20201201,113600,129360.0000000,129400.0000000,129320.0000000,129370.0000000,1414
SPFB.RTS,1,20201201,113700,129370.0000000,129430.0000000,129350.0000000,129380.0000000,1203
SPFB.RTS,1,20201201,113800,129390.0000000,129410.0000000,129290.0000000,129330.0000000,1025
SPFB.RTS,1,20201201,113900,129340.0000000,129450.0000000,129340.0000000,129360.0000000,1595
SPFB.RTS,1,20201201,114000,129360.0000000,129420.0000000,129340.0000000,129350.0000000,731
SPFB.RTS,1,20201201,114100,129350.0000000,129380.0000000,129260.0000000,129300.0000000,1374
SPFB.RTS,1,20201201,114200,129300.0000000,129380.0000000,129270.0000000,129340.0000000,1112
SPFB.RTS,1,20201201,114300,129340.0000000,129380.0000000,129270.0000000,129320.0000000,798
SPFB.RTS,1,20201201,114400,129330.0000000,129370.0000000,129310.0000000,129340.0000000,413
SPFB.RTS,1,20201201,114500,129340.0000000,129420.0000000,129330.0000000,129340.0000000,980
SPFB.RTS,1,20201201,114600,129350.0000000,129480.0000000,129330.0000000,129380.0000000,1498
SPFB.RTS,1,20201201,114700,129380.0000000,129420.0000000,129290.0000000,129310.0000000,1299
SPFB.RTS,1,20201201,114800,129320.0000000,129370.0000000,129290.0000000,129300.0000000,875
SPFB.RTS,1,20201201,114900,129300.0000000,129330.0000000,129260.0000000,129320.0000000,628
SPFB.RTS,1,20201201,115000,129330.0000000,129350.0000000,129290.0000000,129310.0000000,381
SPFB.RTS,1,20201201,115100,129310.0000000,129410.0000000,129310.0000000,129320.0000000,751
SPFB.RTS,1,20201201,115200,129320.0000000,129370.0000000,129300.0000000,129340.0000000,680
SPFB.RTS,1,20201201,115300,129330.0000000,129350.0000000,129300.0000000,129340.0000000,337
SPFB.RTS,1,20201201,115400,129340.0000000,129370.0000000,129210.0000000,129230.0000000,1504
SPFB.RTS,1,20201201,115500,129230.0000000,129310.0000000,129230.0000000,129230.0000000,441
SPFB.RTS,1,20201201,115600,129220.0000000,129330.0000000,129210.0000000,129220.0000000,524
SPFB.RTS,1,20201201,115700,129220.0000000,129260.0000000,129200.0000000,129230.0000000,681
SPFB.RTS,1,20201201,115800,129230.0000000,129250.0000000,129190.0000000,129240.0000000,470
SPFB.RTS,1,20201201,115900,129240.0000000,129350.0000000,129230.0000000,129340.0000000,659
SPFB.RTS,1,20201201,120000,129350.0000000,129400.0000000,129310.0000000,129380.0000000,867
SPFB.RTS,1,20201201,120100,129380.0000000,129450.0000000,129360.0000000,129370.0000000,1470
SPFB.RTS,1,20201201,120200,129380.0000000,129410.0000000,129280.0000000,129300.0000000,1411
SPFB.RTS,1,20201201,120300,129300.0000000,129360.0000000,129280.0000000,129350.0000000,581
SPFB.RTS,1,20201201,120400,129340.0000000,129460.0000000,129320.0000000,129450.0000000,1237
SPFB.RTS,1,20201201,120500,129450.0000000,129560.0000000,129450.0000000,129510.0000000,3981
SPFB.RTS,1,20201201,120600,129500.0000000,129570.0000000,129440.0000000,129530.0000000,1500
SPFB.RTS,1,20201201,120700,129530.0000000,129560.0000000,129460.0000000,129460.0000000,969
SPFB.RTS,1,20201201,120800,129460.0000000,129510.0000000,129410.0000000,129470.0000000,861
SPFB.RTS,1,20201201,120900,129460.0000000,129570.0000000,129440.0000000,129560.0000000,608
SPFB.RTS,1,20201201,121000,129550.0000000,129710.0000000,129550.0000000,129630.0000000,4579
SPFB.RTS,1,20201201,121100,129630.0000000,129700.0000000,129610.0000000,129610.0000000,1572
SPFB.RTS,1,20201201,121200,129630.0000000,129700.0000000,129630.0000000,129670.0000000,737
SPFB.RTS,1,20201201,121300,129680.0000000,129750.0000000,129600.0000000,129610.0000000,2353
SPFB.RTS,1,20201201,121400,129620.0000000,129670.0000000,129600.0000000,129670.0000000,781
SPFB.RTS,1,20201201,121500,129670.0000000,129730.0000000,129600.0000000,129630.0000000,860
SPFB.RTS,1,20201201,121600,129620.0000000,129730.0000000,129610.0000000,129670.0000000,1237
SPFB.RTS,1,20201201,121700,129680.0000000,129790.0000000,129670.0000000,129740.0000000,1878
SPFB.RTS,1,20201201,121800,129740.0000000,129810.0000000,129690.0000000,129750.0000000,1330
SPFB.RTS,1,20201201,121900,129750.0000000,129770.0000000,129660.0000000,129670.0000000,1290
SPFB.RTS,1,20201201,122000,129660.0000000,129730.0000000,129650.0000000,129720.0000000,782
SPFB.RTS,1,20201201,122100,129720.0000000,129760.0000000,129700.0000000,129750.0000000,483
SPFB.RTS,1,20201201,122200,129760.0000000,129870.0000000,129760.0000000,129830.0000000,2042
SPFB.RTS,1,20201201,122300,129840.0000000,129850.0000000,129770.0000000,129800.0000000,639
SPFB.RTS,1,20201201,122400,129800.0000000,129890.0000000,129790.0000000,129890.0000000,805
SPFB.RTS,1,20201201,122500,129880.0000000,129930.0000000,129870.0000000,129890.0000000,1065
SPFB.RTS,1,20201201,122600,129890.0000000,130030.0000000,129880.0000000,130020.0000000,2955
SPFB.RTS,1,20201201,122700,130010.0000000,130060.0000000,129930.0000000,129960.0000000,2503
SPFB.RTS,1,20201201,122800,129970.0000000,130070.0000000,129930.0000000,130030.0000000,1835
SPFB.RTS,1,20201201,122900,130040.0000000,130070.0000000,130000.0000000,130020.0000000,787
SPFB.RTS,1,20201201,123000,130020.0000000,130100.0000000,130020.0000000,130070.0000000,1145
SPFB.RTS,1,20201201,123100,130080.0000000,130140.0000000,130020.0000000,130030.0000000,1881
SPFB.RTS,1,20201201,123200,130030.0000000,130050.0000000,129950.0000000,129980.0000000,1390
SPFB.RTS,1,20201201,123300,129980.0000000,129990.0000000,129870.0000000,129880.0000000,1875
SPFB.RTS,1,20201201,123400,129880.0000000,129930.0000000,129880.0000000,129910.0000000,512
SPFB.RTS,1,20201201,123500,129900.0000000,129920.0000000,129860.0000000,129870.0000000,709
SPFB.RTS,1,20201201,123600,129860.0000000,129920.0000000,129850.0000000,129860.0000000,633
SPFB.RTS,1,20201201,123700,129850.0000000,129940.0000000,129810.0000000,129930.0000000,1454
SPFB.RTS,1,20201201,123800,129930.0000000,129940.0000000,129860.0000000,129860.0000000,590
SPFB.RTS,1,20201201,123900,129860.0000000,129910.0000000,129830.0000000,129860.0000000,469
SPFB.RTS,1,20201201,124000,129860.0000000,129860.0000000,129780.0000000,129840.0000000,2292
SPFB.RTS,1,20201201,124100,129830.0000000,129940.0000000,129820.0000000,129900.0000000,817
SPFB.RTS,1,20201201,124200,129900.0000000,129910.0000000,129810.0000000,129820.0000000,484
SPFB.RTS,1,20201201,124300,129830.0000000,129870.0000000,129810.0000000,129870.0000000,539
SPFB.RTS,1,20201201,124400,129880.0000000,129900.0000000,129850.0000000,129860.0000000,577
SPFB.RTS,1,20201201,124500,129850.0000000,129900.0000000,129820.0000000,129850.0000000,482
SPFB.RTS,1,20201201,124600,129860.0000000,129870.0000000,129800.0000000,129800.0000000,705
SPFB.RTS,1,20201201,124700,129810.0000000,129820.0000000,129760.0000000,129810.0000000,941
SPFB.RTS,1,20201201,124800,129810.0000000,129850.0000000,129760.0000000,129810.0000000,626
SPFB.RTS,1,20201201,124900,129810.0000000,129810.0000000,129740.0000000,129770.0000000,821
SPFB.RTS,1,20201201,125000,129770.0000000,129790.0000000,129680.0000000,129710.0000000,1515
SPFB.RTS,1,20201201,125100,129720.0000000,129790.0000000,129680.0000000,129700.0000000,1032
SPFB.RTS,1,20201201,125200,129710.0000000,129780.0000000,129690.0000000,129720.0000000,765
SPFB.RTS,1,20201201,125300,129710.0000000,129750.0000000,129700.0000000,129740.0000000,328
SPFB.RTS,1,20201201,125400,129730.0000000,129760.0000000,129720.0000000,129740.0000000,546
SPFB.RTS,1,20201201,125500,129740.0000000,129770.0000000,129690.0000000,129710.0000000,746
SPFB.RTS,1,20201201,125600,129710.0000000,129730.0000000,129680.0000000,129690.0000000,498
SPFB.RTS,1,20201201,125700,129690.0000000,129730.0000000,129680.0000000,129710.0000000,288
SPFB.RTS,1,20201201,125800,129710.0000000,129760.0000000,129700.0000000,129750.0000000,586
SPFB.RTS,1,20201201,125900,129750.0000000,129760.0000000,129690.0000000,129700.0000000,420
SPFB.RTS,1,20201201,130000,129700.0000000,129700.0000000,129620.0000000,129640.0000000,822
SPFB.RTS,1,20201201,130100,129640.0000000,129680.0000000,129620.0000000,129660.0000000,756
SPFB.RTS,1,20201201,130200,129640.0000000,129700.0000000,129620.0000000,129640.0000000,665
SPFB.RTS,1,20201201,130300,129640.0000000,129690.0000000,129620.0000000,129630.0000000,788
SPFB.RTS,1,20201201,130400,129620.0000000,129680.0000000,129600.0000000,129650.0000000,853
SPFB.RTS,1,20201201,130500,129650.0000000,129690.0000000,129640.0000000,129660.0000000,244
SPFB.RTS,1,20201201,130600,129660.0000000,129680.0000000,129600.0000000,129670.0000000,600
SPFB.RTS,1,20201201,130700,129670.0000000,129740.0000000,129650.0000000,129720.0000000,622
SPFB.RTS,1,20201201,130800,129730.0000000,129760.0000000,129720.0000000,129730.0000000,440
SPFB.RTS,1,20201201,130900,129730.0000000,129780.0000000,129730.0000000,129770.0000000,321
SPFB.RTS,1,20201201,131000,129770.0000000,129810.0000000,129740.0000000,129770.0000000,757
SPFB.RTS,1,20201201,131100,129760.0000000,129800.0000000,129740.0000000,129790.0000000,537
SPFB.RTS,1,20201201,131200,129800.0000000,129880.0000000,129790.0000000,129870.0000000,831
SPFB.RTS,1,20201201,131300,129860.0000000,129880.0000000,129770.0000000,129880.0000000,883
SPFB.RTS,1,20201201,131400,129870.0000000,129870.0000000,129810.0000000,129830.0000000,1118
SPFB.RTS,1,20201201,131500,129830.0000000,129830.0000000,129760.0000000,129770.0000000,400
SPFB.RTS,1,20201201,131600,129770.0000000,129780.0000000,129710.0000000,129760.0000000,582
SPFB.RTS,1,20201201,131700,129760.0000000,129800.0000000,129760.0000000,129770.0000000,220
SPFB.RTS,1,20201201,131800,129780.0000000,129830.0000000,129760.0000000,129790.0000000,443
SPFB.RTS,1,20201201,131900,129790.0000000,129810.0000000,129780.0000000,129810.0000000,219
SPFB.RTS,1,20201201,132000,129820.0000000,129900.0000000,129800.0000000,129870.0000000,702
SPFB.RTS,1,20201201,132100,129880.0000000,129900.0000000,129860.0000000,129870.0000000,817
SPFB.RTS,1,20201201,132200,129860.0000000,129880.0000000,129810.0000000,129820.0000000,446
SPFB.RTS,1,20201201,132300,129810.0000000,129850.0000000,129800.0000000,129840.0000000,249
SPFB.RTS,1,20201201,132400,129840.0000000,129870.0000000,129830.0000000,129840.0000000,218
SPFB.RTS,1,20201201,132500,129850.0000000,129870.0000000,129820.0000000,129840.0000000,114
SPFB.RTS,1,20201201,132600,129850.0000000,129870.0000000,129810.0000000,129820.0000000,186
SPFB.RTS,1,20201201,132700,129820.0000000,129820.0000000,129790.0000000,129800.0000000,260
SPFB.RTS,1,20201201,132800,129790.0000000,129820.0000000,129750.0000000,129780.0000000,316
SPFB.RTS,1,20201201,132900,129790.0000000,129800.0000000,129750.0000000,129770.0000000,320
SPFB.RTS,1,20201201,133000,129770.0000000,129800.0000000,129710.0000000,129730.0000000,597
SPFB.RTS,1,20201201,133100,129740.0000000,129770.0000000,129710.0000000,129760.0000000,307
SPFB.RTS,1,20201201,133200,129760.0000000,129780.0000000,129740.0000000,129740.0000000,132
SPFB.RTS,1,20201201,133300,129740.0000000,129780.0000000,129720.0000000,129720.0000000,173
SPFB.RTS,1,20201201,133400,129720.0000000,129720.0000000,129660.0000000,129690.0000000,744
SPFB.RTS,1,20201201,133500,129690.0000000,129700.0000000,129570.0000000,129640.0000000,2307
SPFB.RTS,1,20201201,133600,129650.0000000,129770.0000000,129640.0000000,129750.0000000,882
SPFB.RTS,1,20201201,133700,129750.0000000,129780.0000000,129700.0000000,129710.0000000,470
SPFB.RTS,1,20201201,133800,129700.0000000,129750.0000000,129660.0000000,129750.0000000,413
SPFB.RTS,1,20201201,133900,129750.0000000,129800.0000000,129750.0000000,129790.0000000,729
SPFB.RTS,1,20201201,134000,129790.0000000,129800.0000000,129760.0000000,129760.0000000,440
SPFB.RTS,1,20201201,134100,129780.0000000,129790.0000000,129750.0000000,129780.0000000,301
SPFB.RTS,1,20201201,134200,129780.0000000,129830.0000000,129770.0000000,129810.0000000,571
SPFB.RTS,1,20201201,134300,129810.0000000,129820.0000000,129790.0000000,129820.0000000,383
SPFB.RTS,1,20201201,134400,129810.0000000,129870.0000000,129800.0000000,129870.0000000,705
SPFB.RTS,1,20201201,134500,129870.0000000,129930.0000000,129860.0000000,129870.0000000,761
SPFB.RTS,1,20201201,134600,129870.0000000,129880.0000000,129820.0000000,129840.0000000,258
SPFB.RTS,1,20201201,134700,129830.0000000,129900.0000000,129830.0000000,129880.0000000,251
SPFB.RTS,1,20201201,134800,129900.0000000,129910.0000000,129860.0000000,129870.0000000,279
SPFB.RTS,1,20201201,134900,129870.0000000,129910.0000000,129860.0000000,129900.0000000,269
SPFB.RTS,1,20201201,135000,129890.0000000,129950.0000000,129890.0000000,129920.0000000,468
SPFB.RTS,1,20201201,135100,129930.0000000,129960.0000000,129920.0000000,129950.0000000,465
SPFB.RTS,1,20201201,135200,129950.0000000,129980.0000000,129910.0000000,129930.0000000,566
SPFB.RTS,1,20201201,135300,129940.0000000,129940.0000000,129900.0000000,129910.0000000,153
SPFB.RTS,1,20201201,135400,129910.0000000,129930.0000000,129880.0000000,129890.0000000,368
SPFB.RTS,1,20201201,135500,129900.0000000,129950.0000000,129880.0000000,129940.0000000,251
SPFB.RTS,1,20201201,135600,129940.0000000,130010.0000000,129930.0000000,129970.0000000,957
SPFB.RTS,1,20201201,135700,129970.0000000,129980.0000000,129940.0000000,129950.0000000,234
SPFB.RTS,1,20201201,135800,129960.0000000,129970.0000000,129920.0000000,129930.0000000,298
SPFB.RTS,1,20201201,135900,129940.0000000,129960.0000000,129910.0000000,129920.0000000,357
SPFB.RTS,1,20201201,140000,129920.0000000,129990.0000000,129910.0000000,129950.0000000,834
SPFB.RTS,1,20201201,140600,129940.0000000,129970.0000000,129900.0000000,129900.0000000,519
SPFB.RTS,1,20201201,140700,129910.0000000,130050.0000000,129900.0000000,130030.0000000,1137
SPFB.RTS,1,20201201,140800,130040.0000000,130070.0000000,129990.0000000,130030.0000000,823
SPFB.RTS,1,20201201,140900,130050.0000000,130090.0000000,130030.0000000,130070.0000000,735
SPFB.RTS,1,20201201,141000,130070.0000000,130120.0000000,130040.0000000,130080.0000000,829
SPFB.RTS,1,20201201,141100,130080.0000000,130130.0000000,130080.0000000,130120.0000000,745
SPFB.RTS,1,20201201,141200,130120.0000000,130130.0000000,130040.0000000,130040.0000000,532
SPFB.RTS,1,20201201,141300,130050.0000000,130060.0000000,130010.0000000,130010.0000000,432
SPFB.RTS,1,20201201,141400,130010.0000000,130040.0000000,130000.0000000,130000.0000000,325
SPFB.RTS,1,20201201,141500,130010.0000000,130050.0000000,130000.0000000,130030.0000000,327
SPFB.RTS,1,20201201,141600,130030.0000000,130060.0000000,130020.0000000,130040.0000000,372
SPFB.RTS,1,20201201,141700,130040.0000000,130080.0000000,130030.0000000,130040.0000000,373
SPFB.RTS,1,20201201,141800,130030.0000000,130040.0000000,130000.0000000,130020.0000000,432
SPFB.RTS,1,20201201,141900,130020.0000000,130060.0000000,130010.0000000,130050.0000000,279
SPFB.RTS,1,20201201,142000,130060.0000000,130090.0000000,130040.0000000,130060.0000000,302
SPFB.RTS,1,20201201,142100,130060.0000000,130080.0000000,130040.0000000,130050.0000000,195
SPFB.RTS,1,20201201,142200,130060.0000000,130070.0000000,130040.0000000,130050.0000000,124
SPFB.RTS,1,20201201,142300,130050.0000000,130060.0000000,130010.0000000,130020.0000000,207
SPFB.RTS,1,20201201,142400,130040.0000000,130080.0000000,130040.0000000,130080.0000000,139
SPFB.RTS,1,20201201,142500,130080.0000000,130110.0000000,130020.0000000,130020.0000000,493
SPFB.RTS,1,20201201,142600,130020.0000000,130050.0000000,130010.0000000,130050.0000000,362
SPFB.RTS,1,20201201,142700,130040.0000000,130140.0000000,130030.0000000,130110.0000000,736
SPFB.RTS,1,20201201,142800,130110.0000000,130230.0000000,130100.0000000,130170.0000000,2524
SPFB.RTS,1,20201201,142900,130170.0000000,130230.0000000,130150.0000000,130170.0000000,545
SPFB.RTS,1,20201201,143000,130180.0000000,130180.0000000,130130.0000000,130140.0000000,618
SPFB.RTS,1,20201201,143100,130140.0000000,130180.0000000,130130.0000000,130170.0000000,378
SPFB.RTS,1,20201201,143200,130190.0000000,130200.0000000,130170.0000000,130180.0000000,582
SPFB.RTS,1,20201201,143300,130190.0000000,130260.0000000,130180.0000000,130210.0000000,1060
SPFB.RTS,1,20201201,143400,130220.0000000,130260.0000000,130160.0000000,130170.0000000,1447
SPFB.RTS,1,20201201,143500,130170.0000000,130210.0000000,130160.0000000,130210.0000000,368
SPFB.RTS,1,20201201,143600,130200.0000000,130360.0000000,130200.0000000,130300.0000000,2926
SPFB.RTS,1,20201201,143700,130300.0000000,130340.0000000,130240.0000000,130240.0000000,1496
SPFB.RTS,1,20201201,143800,130230.0000000,130250.0000000,130190.0000000,130220.0000000,610
SPFB.RTS,1,20201201,143900,130220.0000000,130230.0000000,130180.0000000,130200.0000000,384
SPFB.RTS,1,20201201,144000,130220.0000000,130240.0000000,130180.0000000,130190.0000000,488
SPFB.RTS,1,20201201,144100,130200.0000000,130250.0000000,130180.0000000,130190.0000000,762
SPFB.RTS,1,20201201,144200,130200.0000000,130220.0000000,130190.0000000,130210.0000000,246
SPFB.RTS,1,20201201,144300,130210.0000000,130240.0000000,130200.0000000,130210.0000000,277
SPFB.RTS,1,20201201,144400,130210.0000000,130250.0000000,130210.0000000,130220.0000000,275
SPFB.RTS,1,20201201,144500,130220.0000000,130220.0000000,130180.0000000,130190.0000000,414
SPFB.RTS,1,20201201,144600,130200.0000000,130220.0000000,130130.0000000,130180.0000000,927
SPFB.RTS,1,20201201,144700,130180.0000000,130190.0000000,130110.0000000,130130.0000000,763
SPFB.RTS,1,20201201,144800,130140.0000000,130140.0000000,130100.0000000,130120.0000000,608
SPFB.RTS,1,20201201,144900,130130.0000000,130130.0000000,130060.0000000,130070.0000000,858
SPFB.RTS,1,20201201,145000,130080.0000000,130100.0000000,130070.0000000,130100.0000000,244
SPFB.RTS,1,20201201,145100,130110.0000000,130110.0000000,130070.0000000,130080.0000000,357
SPFB.RTS,1,20201201,145200,130080.0000000,130080.0000000,130030.0000000,130040.0000000,711
SPFB.RTS,1,20201201,145300,130040.0000000,130070.0000000,130030.0000000,130040.0000000,455
SPFB.RTS,1,20201201,145400,130050.0000000,130090.0000000,130030.0000000,130080.0000000,531
SPFB.RTS,1,20201201,145500,130080.0000000,130090.0000000,130020.0000000,130070.0000000,342
SPFB.RTS,1,20201201,145600,130070.0000000,130140.0000000,130050.0000000,130130.0000000,566
SPFB.RTS,1,20201201,145700,130120.0000000,130150.0000000,130010.0000000,130050.0000000,1698
SPFB.RTS,1,20201201,145800,130060.0000000,130060.0000000,130000.0000000,130000.0000000,499
SPFB.RTS,1,20201201,145900,130000.0000000,130090.0000000,129950.0000000,130090.0000000,1813
SPFB.RTS,1,20201201,150000,130090.0000000,130100.0000000,130040.0000000,130070.0000000,678
SPFB.RTS,1,20201201,150100,130070.0000000,130080.0000000,129990.0000000,130040.0000000,655
SPFB.RTS,1,20201201,150200,130050.0000000,130050.0000000,130000.0000000,130050.0000000,329
SPFB.RTS,1,20201201,150300,130040.0000000,130040.0000000,129990.0000000,130000.0000000,231
SPFB.RTS,1,20201201,150400,129990.0000000,130030.0000000,129990.0000000,130000.0000000,594
SPFB.RTS,1,20201201,150500,130010.0000000,130060.0000000,129990.0000000,130010.0000000,319
SPFB.RTS,1,20201201,150600,130020.0000000,130130.0000000,130020.0000000,130120.0000000,561
SPFB.RTS,1,20201201,150700,130120.0000000,130220.0000000,130110.0000000,130150.0000000,1190
SPFB.RTS,1,20201201,150800,130140.0000000,130170.0000000,130100.0000000,130100.0000000,314
SPFB.RTS,1,20201201,150900,130110.0000000,130190.0000000,130110.0000000,130180.0000000,311
SPFB.RTS,1,20201201,151000,130180.0000000,130190.0000000,130070.0000000,130080.0000000,308
SPFB.RTS,1,20201201,151100,130090.0000000,130150.0000000,130090.0000000,130150.0000000,164
SPFB.RTS,1,20201201,151200,130160.0000000,130190.0000000,130090.0000000,130100.0000000,354
SPFB.RTS,1,20201201,151300,130100.0000000,130100.0000000,130030.0000000,130040.0000000,594
SPFB.RTS,1,20201201,151400,130050.0000000,130110.0000000,130050.0000000,130090.0000000,215
SPFB.RTS,1,20201201,151500,130090.0000000,130090.0000000,130040.0000000,130070.0000000,175
SPFB.RTS,1,20201201,151600,130060.0000000,130090.0000000,129990.0000000,130000.0000000,681
SPFB.RTS,1,20201201,151700,130000.0000000,130040.0000000,129990.0000000,129990.0000000,321
SPFB.RTS,1,20201201,151800,130000.0000000,130010.0000000,129880.0000000,129890.0000000,1491
SPFB.RTS,1,20201201,151900,129900.0000000,129900.0000000,129860.0000000,129880.0000000,876
SPFB.RTS,1,20201201,152000,129880.0000000,129890.0000000,129830.0000000,129870.0000000,878
SPFB.RTS,1,20201201,152100,129870.0000000,129890.0000000,129850.0000000,129870.0000000,381
SPFB.RTS,1,20201201,152200,129860.0000000,129860.0000000,129810.0000000,129850.0000000,493
SPFB.RTS,1,20201201,152300,129860.0000000,129950.0000000,129850.0000000,129930.0000000,684
SPFB.RTS,1,20201201,152400,129920.0000000,129920.0000000,129870.0000000,129890.0000000,504
SPFB.RTS,1,20201201,152500,129900.0000000,129910.0000000,129880.0000000,129890.0000000,163
SPFB.RTS,1,20201201,152600,129900.0000000,129950.0000000,129900.0000000,129920.0000000,324
SPFB.RTS,1,20201201,152700,129920.0000000,129940.0000000,129900.0000000,129900.0000000,273
SPFB.RTS,1,20201201,152800,129900.0000000,129920.0000000,129880.0000000,129890.0000000,204
SPFB.RTS,1,20201201,152900,129890.0000000,129920.0000000,129850.0000000,129890.0000000,162
SPFB.RTS,1,20201201,153000,129900.0000000,129910.0000000,129860.0000000,129860.0000000,234
SPFB.RTS,1,20201201,153100,129850.0000000,129900.0000000,129810.0000000,129900.0000000,702
SPFB.RTS,1,20201201,153200,129900.0000000,130030.0000000,129900.0000000,129980.0000000,1681
SPFB.RTS,1,20201201,153300,129980.0000000,130030.0000000,129970.0000000,129980.0000000,512
SPFB.RTS,1,20201201,153400,129990.0000000,130080.0000000,129980.0000000,130030.0000000,672
SPFB.RTS,1,20201201,153500,130040.0000000,130040.0000000,129990.0000000,130020.0000000,160
SPFB.RTS,1,20201201,153600,130020.0000000,130060.0000000,130020.0000000,130050.0000000,228
SPFB.RTS,1,20201201,153700,130060.0000000,130150.0000000,130060.0000000,130120.0000000,1332
SPFB.RTS,1,20201201,153800,130130.0000000,130170.0000000,130120.0000000,130160.0000000,519
SPFB.RTS,1,20201201,153900,130170.0000000,130250.0000000,130170.0000000,130180.0000000,1595
SPFB.RTS,1,20201201,154000,130180.0000000,130210.0000000,130130.0000000,130200.0000000,719
SPFB.RTS,1,20201201,154100,130200.0000000,130220.0000000,130130.0000000,130160.0000000,611
SPFB.RTS,1,20201201,154200,130160.0000000,130170.0000000,130130.0000000,130160.0000000,311
SPFB.RTS,1,20201201,154300,130160.0000000,130210.0000000,130140.0000000,130180.0000000,250
SPFB.RTS,1,20201201,154400,130180.0000000,130270.0000000,130180.0000000,130240.0000000,831
SPFB.RTS,1,20201201,154500,130240.0000000,130270.0000000,130200.0000000,130230.0000000,530
SPFB.RTS,1,20201201,154600,130230.0000000,130300.0000000,130200.0000000,130280.0000000,1016
SPFB.RTS,1,20201201,154700,130280.0000000,130290.0000000,130260.0000000,130280.0000000,231
SPFB.RTS,1,20201201,154800,130280.0000000,130330.0000000,130240.0000000,130270.0000000,1023
SPFB.RTS,1,20201201,154900,130280.0000000,130310.0000000,130250.0000000,130300.0000000,421
SPFB.RTS,1,20201201,155000,130310.0000000,130340.0000000,130290.0000000,130320.0000000,675
SPFB.RTS,1,20201201,155100,130310.0000000,130330.0000000,130230.0000000,130230.0000000,633
SPFB.RTS,1,20201201,155200,130220.0000000,130260.0000000,130200.0000000,130230.0000000,605
SPFB.RTS,1,20201201,155300,130220.0000000,130250.0000000,130190.0000000,130230.0000000,618
SPFB.RTS,1,20201201,155400,130230.0000000,130300.0000000,130220.0000000,130290.0000000,556
SPFB.RTS,1,20201201,155500,130280.0000000,130400.0000000,130270.0000000,130380.0000000,2367
SPFB.RTS,1,20201201,155600,130380.0000000,130400.0000000,130340.0000000,130360.0000000,749
SPFB.RTS,1,20201201,155700,130370.0000000,130410.0000000,130350.0000000,130400.0000000,604
SPFB.RTS,1,20201201,155800,130400.0000000,130430.0000000,130380.0000000,130410.0000000,753
SPFB.RTS,1,20201201,155900,130410.0000000,130450.0000000,130400.0000000,130420.0000000,1191
SPFB.RTS,1,20201201,160000,130430.0000000,130460.0000000,130410.0000000,130450.0000000,776
SPFB.RTS,1,20201201,160100,130450.0000000,130560.0000000,130440.0000000,130480.0000000,3194
SPFB.RTS,1,20201201,160200,130480.0000000,130520.0000000,130410.0000000,130430.0000000,1953
SPFB.RTS,1,20201201,160300,130440.0000000,130450.0000000,130360.0000000,130380.0000000,1334
SPFB.RTS,1,20201201,160400,130380.0000000,130420.0000000,130350.0000000,130380.0000000,859
SPFB.RTS,1,20201201,160500,130390.0000000,130430.0000000,130390.0000000,130410.0000000,506
SPFB.RTS,1,20201201,160600,130410.0000000,130450.0000000,130380.0000000,130420.0000000,662
SPFB.RTS,1,20201201,160700,130430.0000000,130430.0000000,130350.0000000,130380.0000000,716
SPFB.RTS,1,20201201,160800,130390.0000000,130410.0000000,130370.0000000,130400.0000000,726
SPFB.RTS,1,20201201,160900,130410.0000000,130420.0000000,130360.0000000,130370.0000000,515
SPFB.RTS,1,20201201,161000,130370.0000000,130380.0000000,130330.0000000,130330.0000000,728
SPFB.RTS,1,20201201,161100,130340.0000000,130390.0000000,130300.0000000,130390.0000000,628
SPFB.RTS,1,20201201,161200,130390.0000000,130390.0000000,130310.0000000,130330.0000000,365
SPFB.RTS,1,20201201,161300,130330.0000000,130400.0000000,130330.0000000,130350.0000000,628
SPFB.RTS,1,20201201,161400,130340.0000000,130370.0000000,130300.0000000,130300.0000000,262
SPFB.RTS,1,20201201,161500,130300.0000000,130330.0000000,130280.0000000,130280.0000000,468
SPFB.RTS,1,20201201,161600,130280.0000000,130370.0000000,130270.0000000,130310.0000000,1127
SPFB.RTS,1,20201201,161700,130310.0000000,130330.0000000,130280.0000000,130320.0000000,283
SPFB.RTS,1,20201201,161800,130320.0000000,130340.0000000,130300.0000000,130330.0000000,328
SPFB.RTS,1,20201201,161900,130330.0000000,130360.0000000,130310.0000000,130360.0000000,131
SPFB.RTS,1,20201201,162000,130350.0000000,130450.0000000,130350.0000000,130410.0000000,1519
SPFB.RTS,1,20201201,162100,130420.0000000,130510.0000000,130400.0000000,130440.0000000,1603
SPFB.RTS,1,20201201,162200,130450.0000000,130480.0000000,130350.0000000,130370.0000000,706
SPFB.RTS,1,20201201,162300,130360.0000000,130400.0000000,130350.0000000,130380.0000000,418
SPFB.RTS,1,20201201,162400,130380.0000000,130380.0000000,130310.0000000,130340.0000000,579
SPFB.RTS,1,20201201,162500,130350.0000000,130430.0000000,130300.0000000,130420.0000000,727
SPFB.RTS,1,20201201,162600,130410.0000000,130420.0000000,130370.0000000,130410.0000000,269
SPFB.RTS,1,20201201,162700,130400.0000000,130420.0000000,130380.0000000,130410.0000000,204
SPFB.RTS,1,20201201,162800,130410.0000000,130420.0000000,130360.0000000,130370.0000000,278
SPFB.RTS,1,20201201,162900,130380.0000000,130420.0000000,130360.0000000,130420.0000000,352
SPFB.RTS,1,20201201,163000,130420.0000000,130450.0000000,130400.0000000,130410.0000000,412
SPFB.RTS,1,20201201,163100,130410.0000000,130440.0000000,130380.0000000,130400.0000000,352
SPFB.RTS,1,20201201,163200,130400.0000000,130420.0000000,130360.0000000,130360.0000000,480
SPFB.RTS,1,20201201,163300,130360.0000000,130370.0000000,130260.0000000,130290.0000000,1165
SPFB.RTS,1,20201201,163400,130280.0000000,130310.0000000,130250.0000000,130290.0000000,1256
SPFB.RTS,1,20201201,163500,130300.0000000,130370.0000000,130290.0000000,130350.0000000,654
SPFB.RTS,1,20201201,163600,130360.0000000,130420.0000000,130350.0000000,130420.0000000,802
SPFB.RTS,1,20201201,163700,130410.0000000,130540.0000000,130400.0000000,130480.0000000,2194
SPFB.RTS,1,20201201,163800,130490.0000000,130540.0000000,130470.0000000,130480.0000000,719
SPFB.RTS,1,20201201,163900,130490.0000000,130540.0000000,130470.0000000,130500.0000000,951
SPFB.RTS,1,20201201,164000,130500.0000000,130540.0000000,130480.0000000,130540.0000000,674
SPFB.RTS,1,20201201,164100,130540.0000000,130630.0000000,130440.0000000,130440.0000000,2677
SPFB.RTS,1,20201201,164200,130440.0000000,130520.0000000,130440.0000000,130470.0000000,898
SPFB.RTS,1,20201201,164300,130460.0000000,130500.0000000,130430.0000000,130470.0000000,1082
SPFB.RTS,1,20201201,164400,130470.0000000,130590.0000000,130460.0000000,130570.0000000,1189
SPFB.RTS,1,20201201,164500,130570.0000000,130580.0000000,130510.0000000,130540.0000000,717
SPFB.RTS,1,20201201,164600,130550.0000000,130630.0000000,130520.0000000,130590.0000000,1317
SPFB.RTS,1,20201201,164700,130610.0000000,130840.0000000,130610.0000000,130790.0000000,5543
SPFB.RTS,1,20201201,164800,130800.0000000,130840.0000000,130750.0000000,130760.0000000,695
SPFB.RTS,1,20201201,164900,130760.0000000,130820.0000000,130730.0000000,130730.0000000,943
SPFB.RTS,1,20201201,165000,130730.0000000,130800.0000000,130680.0000000,130780.0000000,1524
SPFB.RTS,1,20201201,165100,130780.0000000,130800.0000000,130690.0000000,130720.0000000,1073
SPFB.RTS,1,20201201,165200,130720.0000000,130730.0000000,130660.0000000,130690.0000000,1145
SPFB.RTS,1,20201201,165300,130680.0000000,130770.0000000,130650.0000000,130750.0000000,1141
SPFB.RTS,1,20201201,165400,130740.0000000,130770.0000000,130730.0000000,130730.0000000,571
SPFB.RTS,1,20201201,165500,130720.0000000,130750.0000000,130670.0000000,130710.0000000,428
SPFB.RTS,1,20201201,165600,130720.0000000,130760.0000000,130680.0000000,130750.0000000,731
SPFB.RTS,1,20201201,165700,130750.0000000,130900.0000000,130730.0000000,130770.0000000,3558
SPFB.RTS,1,20201201,165800,130780.0000000,130880.0000000,130770.0000000,130880.0000000,567
SPFB.RTS,1,20201201,165900,130880.0000000,130890.0000000,130830.0000000,130830.0000000,943
SPFB.RTS,1,20201201,170000,130850.0000000,130950.0000000,130790.0000000,130950.0000000,2765
SPFB.RTS,1,20201201,170100,130950.0000000,130980.0000000,130800.0000000,130830.0000000,2918
SPFB.RTS,1,20201201,170200,130830.0000000,131040.0000000,130820.0000000,130960.0000000,3755
SPFB.RTS,1,20201201,170300,130960.0000000,130960.0000000,130830.0000000,130840.0000000,984
SPFB.RTS,1,20201201,170400,130850.0000000,130960.0000000,130850.0000000,130930.0000000,835
SPFB.RTS,1,20201201,170500,130930.0000000,130950.0000000,130900.0000000,130930.0000000,416
SPFB.RTS,1,20201201,170600,130920.0000000,130970.0000000,130910.0000000,130940.0000000,604
SPFB.RTS,1,20201201,170700,130920.0000000,130950.0000000,130840.0000000,130860.0000000,776
SPFB.RTS,1,20201201,170800,130870.0000000,130900.0000000,130780.0000000,130800.0000000,1010
SPFB.RTS,1,20201201,170900,130800.0000000,130840.0000000,130760.0000000,130790.0000000,1015
SPFB.RTS,1,20201201,171000,130780.0000000,130810.0000000,130740.0000000,130770.0000000,955
SPFB.RTS,1,20201201,171100,130790.0000000,130830.0000000,130780.0000000,130810.0000000,807
SPFB.RTS,1,20201201,171200,130820.0000000,130880.0000000,130760.0000000,130800.0000000,1073
SPFB.RTS,1,20201201,171300,130800.0000000,130800.0000000,130700.0000000,130700.0000000,1049
SPFB.RTS,1,20201201,171400,130700.0000000,130810.0000000,130700.0000000,130720.0000000,1047
SPFB.RTS,1,20201201,171500,130730.0000000,130780.0000000,130710.0000000,130730.0000000,325
SPFB.RTS,1,20201201,171600,130730.0000000,130760.0000000,130660.0000000,130680.0000000,762
SPFB.RTS,1,20201201,171700,130690.0000000,130700.0000000,130660.0000000,130670.0000000,415
SPFB.RTS,1,20201201,171800,130660.0000000,130670.0000000,130600.0000000,130640.0000000,1123
SPFB.RTS,1,20201201,171900,130630.0000000,130650.0000000,130570.0000000,130640.0000000,830
SPFB.RTS,1,20201201,172000,130630.0000000,130680.0000000,130620.0000000,130620.0000000,548
SPFB.RTS,1,20201201,172100,130620.0000000,130730.0000000,130620.0000000,130720.0000000,560
SPFB.RTS,1,20201201,172200,130720.0000000,130750.0000000,130660.0000000,130740.0000000,1028
SPFB.RTS,1,20201201,172300,130750.0000000,130800.0000000,130700.0000000,130730.0000000,1226
SPFB.RTS,1,20201201,172400,130740.0000000,130740.0000000,130670.0000000,130690.0000000,394
SPFB.RTS,1,20201201,172500,130690.0000000,130700.0000000,130650.0000000,130690.0000000,279
SPFB.RTS,1,20201201,172600,130690.0000000,130710.0000000,130670.0000000,130690.0000000,244
SPFB.RTS,1,20201201,172700,130690.0000000,130720.0000000,130670.0000000,130710.0000000,172
SPFB.RTS,1,20201201,172800,130700.0000000,130700.0000000,130670.0000000,130690.0000000,355
SPFB.RTS,1,20201201,172900,130700.0000000,130730.0000000,130670.0000000,130710.0000000,534
SPFB.RTS,1,20201201,173000,130710.0000000,130720.0000000,130650.0000000,130660.0000000,734
SPFB.RTS,1,20201201,173100,130670.0000000,130710.0000000,130510.0000000,130570.0000000,2212
SPFB.RTS,1,20201201,173200,130570.0000000,130590.0000000,130500.0000000,130510.0000000,1038
SPFB.RTS,1,20201201,173300,130520.0000000,130540.0000000,130450.0000000,130520.0000000,1222
SPFB.RTS,1,20201201,173400,130520.0000000,130570.0000000,130450.0000000,130470.0000000,1359
SPFB.RTS,1,20201201,173500,130470.0000000,130490.0000000,130370.0000000,130420.0000000,2138
SPFB.RTS,1,20201201,173600,130420.0000000,130610.0000000,130380.0000000,130590.0000000,2490
SPFB.RTS,1,20201201,173700,130610.0000000,130630.0000000,130530.0000000,130570.0000000,600
SPFB.RTS,1,20201201,173800,130580.0000000,130770.0000000,130570.0000000,130740.0000000,1776
SPFB.RTS,1,20201201,173900,130730.0000000,130780.0000000,130670.0000000,130670.0000000,1219
SPFB.RTS,1,20201201,174000,130680.0000000,130780.0000000,130680.0000000,130740.0000000,976
SPFB.RTS,1,20201201,174100,130750.0000000,130850.0000000,130730.0000000,130840.0000000,1612
SPFB.RTS,1,20201201,174200,130840.0000000,130870.0000000,130770.0000000,130790.0000000,1800
SPFB.RTS,1,20201201,174300,130790.0000000,130840.0000000,130710.0000000,130720.0000000,1119
SPFB.RTS,1,20201201,174400,130720.0000000,130800.0000000,130710.0000000,130770.0000000,548
SPFB.RTS,1,20201201,174500,130780.0000000,130830.0000000,130770.0000000,130830.0000000,721
SPFB.RTS,1,20201201,174600,130830.0000000,130920.0000000,130830.0000000,130910.0000000,2194
SPFB.RTS,1,20201201,174700,130910.0000000,130950.0000000,130860.0000000,130870.0000000,1177
SPFB.RTS,1,20201201,174800,130880.0000000,130900.0000000,130830.0000000,130860.0000000,791
SPFB.RTS,1,20201201,174900,130860.0000000,130920.0000000,130860.0000000,130920.0000000,675
SPFB.RTS,1,20201201,175000,130910.0000000,130950.0000000,130880.0000000,130890.0000000,514
SPFB.RTS,1,20201201,175100,130910.0000000,130950.0000000,130880.0000000,130880.0000000,498
SPFB.RTS,1,20201201,175200,130880.0000000,130960.0000000,130860.0000000,130920.0000000,1026
SPFB.RTS,1,20201201,175300,130930.0000000,130940.0000000,130830.0000000,130910.0000000,789
SPFB.RTS,1,20201201,175400,130910.0000000,130930.0000000,130840.0000000,130900.0000000,587
SPFB.RTS,1,20201201,175500,130900.0000000,130940.0000000,130890.0000000,130900.0000000,565
SPFB.RTS,1,20201201,175600,130900.0000000,130950.0000000,130870.0000000,130880.0000000,371
SPFB.RTS,1,20201201,175700,130880.0000000,130890.0000000,130780.0000000,130780.0000000,774
SPFB.RTS,1,20201201,175800,130780.0000000,130810.0000000,130750.0000000,130750.0000000,401
SPFB.RTS,1,20201201,175900,130750.0000000,130790.0000000,130710.0000000,130760.0000000,1563
SPFB.RTS,1,20201201,180000,130760.0000000,130780.0000000,130680.0000000,130760.0000000,953
SPFB.RTS,1,20201201,180100,130750.0000000,130830.0000000,130700.0000000,130720.0000000,934
SPFB.RTS,1,20201201,180200,130720.0000000,130760.0000000,130650.0000000,130750.0000000,1632
SPFB.RTS,1,20201201,180300,130760.0000000,130800.0000000,130740.0000000,130770.0000000,477
SPFB.RTS,1,20201201,180400,130780.0000000,130850.0000000,130740.0000000,130800.0000000,1033
SPFB.RTS,1,20201201,180500,130800.0000000,130800.0000000,130750.0000000,130770.0000000,239
SPFB.RTS,1,20201201,180600,130770.0000000,130810.0000000,130710.0000000,130750.0000000,899
SPFB.RTS,1,20201201,180700,130740.0000000,130820.0000000,130720.0000000,130790.0000000,691
SPFB.RTS,1,20201201,180800,130780.0000000,130920.0000000,130780.0000000,130860.0000000,1356
SPFB.RTS,1,20201201,180900,130860.0000000,130930.0000000,130810.0000000,130810.0000000,1486
SPFB.RTS,1,20201201,181000,130810.0000000,130870.0000000,130790.0000000,130840.0000000,502
SPFB.RTS,1,20201201,181100,130840.0000000,130870.0000000,130810.0000000,130810.0000000,458
SPFB.RTS,1,20201201,181200,130820.0000000,130890.0000000,130820.0000000,130850.0000000,516
SPFB.RTS,1,20201201,181300,130870.0000000,130890.0000000,130770.0000000,130770.0000000,870
SPFB.RTS,1,20201201,181400,130780.0000000,130780.0000000,130710.0000000,130720.0000000,603
SPFB.RTS,1,20201201,181500,130720.0000000,130730.0000000,130680.0000000,130720.0000000,538
SPFB.RTS,1,20201201,181600,130720.0000000,130760.0000000,130660.0000000,130660.0000000,968
SPFB.RTS,1,20201201,181700,130670.0000000,130740.0000000,130660.0000000,130730.0000000,403
SPFB.RTS,1,20201201,181800,130730.0000000,130860.0000000,130730.0000000,130810.0000000,955
SPFB.RTS,1,20201201,181900,130800.0000000,130940.0000000,130800.0000000,130900.0000000,1085
SPFB.RTS,1,20201201,182000,130910.0000000,130970.0000000,130870.0000000,130940.0000000,1346
SPFB.RTS,1,20201201,182100,130950.0000000,130980.0000000,130910.0000000,130970.0000000,424
SPFB.RTS,1,20201201,182200,130960.0000000,131100.0000000,130940.0000000,131020.0000000,4401
SPFB.RTS,1,20201201,182300,131030.0000000,131030.0000000,130950.0000000,130980.0000000,977
SPFB.RTS,1,20201201,182400,130990.0000000,131000.0000000,130840.0000000,130840.0000000,1368
SPFB.RTS,1,20201201,182500,130850.0000000,130910.0000000,130830.0000000,130910.0000000,593
SPFB.RTS,1,20201201,182600,130900.0000000,130990.0000000,130850.0000000,130920.0000000,942
SPFB.RTS,1,20201201,182700,130910.0000000,130910.0000000,130800.0000000,130800.0000000,804
SPFB.RTS,1,20201201,182800,130810.0000000,130820.0000000,130760.0000000,130810.0000000,639
SPFB.RTS,1,20201201,182900,130820.0000000,130900.0000000,130820.0000000,130870.0000000,421
SPFB.RTS,1,20201201,183000,130870.0000000,130940.0000000,130810.0000000,130940.0000000,588
SPFB.RTS,1,20201201,183100,130930.0000000,130940.0000000,130850.0000000,130910.0000000,654
SPFB.RTS,1,20201201,183200,130910.0000000,130950.0000000,130850.0000000,130890.0000000,751
SPFB.RTS,1,20201201,183300,130900.0000000,130930.0000000,130760.0000000,130790.0000000,2343
SPFB.RTS,1,20201201,183400,130780.0000000,130830.0000000,130760.0000000,130810.0000000,507
SPFB.RTS,1,20201201,183500,130820.0000000,130850.0000000,130670.0000000,130700.0000000,1502
SPFB.RTS,1,20201201,183600,130710.0000000,130810.0000000,130670.0000000,130720.0000000,1560
SPFB.RTS,1,20201201,183700,130720.0000000,130730.0000000,130610.0000000,130700.0000000,1879
SPFB.RTS,1,20201201,183800,130700.0000000,130700.0000000,130600.0000000,130650.0000000,1846
SPFB.RTS,1,20201201,183900,130660.0000000,130690.0000000,130580.0000000,130680.0000000,913
SPFB.RTS,1,20201201,184000,130680.0000000,130700.0000000,130620.0000000,130660.0000000,840
SPFB.RTS,1,20201201,184100,130660.0000000,130690.0000000,130540.0000000,130640.0000000,2059
SPFB.RTS,1,20201201,184200,130640.0000000,130730.0000000,130600.0000000,130620.0000000,1571
SPFB.RTS,1,20201201,184300,130640.0000000,130720.0000000,130630.0000000,130700.0000000,916
SPFB.RTS,1,20201201,184400,130690.0000000,130740.0000000,130650.0000000,130730.0000000,507
SPFB.RTS,1,20201201,184500,130730.0000000,130830.0000000,130610.0000000,130770.0000000,2404.....))))))}}}%%%%%%%%%%%%%%%%:wq

:wq




